.Random.seed <-
c(403L, 10L, -368476779L, -1516356180L, 1975654274L, 943062365L, 
-1221381033L, 1605522238L, -731219080L, 1056585819L, -1166901319L, 
-194232824L, -1488950090L, -622101519L, -2147138013L, -575932814L, 
202190020L, 765766279L, -143023523L, 19866708L, -2126303622L, 
-45806139L, 236302111L, -378103130L, -868279248L, -16285997L, 
-896344847L, -2033698784L, 785424062L, 742947529L, -293662597L, 
2112802378L, 1207040684L, 950414767L, -208986779L, -1852388580L, 
-795791502L, 757515245L, 1819280423L, 263248974L, -545218392L, 
1569263275L, 117926857L, 2032469976L, 1887784582L, 784242529L, 
1202883315L, 542578018L, 2107892692L, -1637349673L, -360747827L, 
-141530012L, -352443830L, -678451275L, -909346033L, -438679530L, 
668340928L, 2081956995L, 1769296033L, 458856080L, 1775306094L, 
622916377L, -444631125L, -1081141862L, 990277980L, 1532790879L, 
236521525L, -1971303476L, -367231198L, 1853350269L, -955479433L, 
1945621406L, -825204136L, 1728039867L, -573145767L, -1709148440L, 
-1284094186L, 1640499345L, 688391491L, 1641201746L, -1676860700L, 
-677022425L, 562482557L, 1196082292L, -1378480550L, -1613006171L, 
1653850303L, -896515258L, 518885840L, 435368947L, -555087087L, 
1636367168L, -2024471778L, 968903657L, -1531641573L, 1105640234L, 
-1952285620L, 342504463L, -1587265723L, -447833860L, -1655593134L, 
-1733203763L, -1406257017L, -947147922L, -968966840L, 1931848011L, 
-1024394071L, 1761680888L, 257115430L, -401459647L, -143376429L, 
-2142169726L, -432244300L, -306608841L, -1128083411L, -1458168508L, 
-1135830422L, -366119723L, -139820433L, 1972479862L, -1101805408L, 
-1121558173L, 491991553L, -159563408L, -452992754L, -668363911L, 
-2140349685L, 634340410L, 801792828L, -1091749761L, -32138283L, 
294237676L, -146819262L, 1089665181L, 1197670679L, -156264322L, 
25686072L, -1175771365L, 362390649L, -451629880L, -274432778L, 
165199153L, 1524850019L, -868712654L, 550385796L, -1376557881L, 
-432404579L, -1332341996L, -2104065606L, -14346235L, 186658271L, 
2103025766L, -644018192L, 105310483L, -1515137359L, -204889760L, 
333338366L, -1847348599L, -834007621L, 562403210L, -1232560532L, 
922615791L, 1829574693L, 1786607836L, 1997184690L, 836948397L, 
1085347175L, 293724814L, 1641458536L, 2099106667L, -246141687L, 
-1847319656L, -505859386L, 1987541025L, -1336390477L, 300535330L, 
-1161834476L, 728323223L, -116457843L, 1884237732L, 970437002L, 
353103349L, -609025969L, -1708099754L, -851513856L, 352591683L, 
-92391711L, -383560624L, 777002158L, 1555359833L, -1885566869L, 
562499034L, -1109248356L, 1634338975L, 385106677L, -1574518900L, 
72281698L, -673639875L, 1478286519L, 802333534L, 786384536L, 
1687184891L, -1644529767L, 1220968488L, 961743062L, 1273924945L, 
-433497085L, -1985739886L, -1013583580L, 319449063L, -1001202627L, 
-205419852L, 1518840090L, -946951579L, 808836863L, 888677254L, 
598680848L, 725024179L, 629595729L, 2053037568L, -510461218L, 
653728041L, -2053856037L, -695344150L, 753980300L, 891819215L, 
-437486459L, 433944380L, -2130450926L, -292012614L, 1951876560L, 
1455648748L, -1299952748L, -2118340398L, -107594656L, -1449102004L, 
-330790112L, -1548043646L, 811622888L, -887544852L, 1476777532L, 
-472580494L, 155120496L, 1399409956L, -359212488L, -2042048102L, 
-2090449456L, -34413124L, 1228048020L, 1851966082L, 229545408L, 
-710906052L, 916288144L, -1088182494L, 570185224L, 1675100940L, 
-1998939236L, -1841380334L, -938536064L, 964299540L, -1029671640L, 
-1902243782L, 1081537488L, -1449108884L, -1333445580L, 323491986L, 
-1063173792L, -1192219316L, -1631875616L, 801715106L, -536310872L, 
1309887628L, -1980628036L, 1909849202L, -251602960L, 1110053956L, 
1576876120L, -188030918L, 840544368L, -133441988L, 777246484L, 
-1854969150L, 1755009760L, 18664572L, -647004976L, 1891470242L, 
-240603608L, 989329676L, -1320986692L, -1506055886L, 389341376L, 
396198452L, -705557816L, 485849786L, 138347664L, -473385236L, 
-1072931244L, -1981462894L, -142944480L, -330594356L, -119267104L, 
-595788094L, 50168872L, -1120449620L, -55174468L, 1429293554L, 
-1750985168L, -1689106524L, 1785041336L, 360051546L, -1588218736L, 
-1764394116L, 1695446804L, 1510870338L, 1950891776L, 400339900L, 
-41971888L, -583608030L, -667704760L, -1147359220L, -1100565412L, 
-1614970414L, -305373696L, -1418481324L, -1310592792L, -1224257286L, 
1447691984L, -465120980L, 519409908L, -727798382L, 747465056L, 
-1039751156L, -1519623456L, -992363934L, -25603416L, 1112877644L, 
1076043644L, -962132686L, 1113405040L, -680733884L, 897984472L, 
-1410050182L, 1392404016L, -1739925572L, 1274279508L, -1579605950L, 
-1868877664L, -1360136516L, 1807088080L, 367678306L, 1757278952L, 
-2107432756L, 1644241404L, -2089410062L, -359306624L, 525540852L, 
315041416L, -1009541318L, -1035988144L, -1239757716L, -1802980972L, 
1392211026L, 1374175712L, 1454828748L, 220398752L, 730793346L, 
1011378408L, -1388947732L, -174521028L, 52567154L, 607074416L, 
1292365860L, 111025208L, -386830566L, 2082876624L, -776143044L, 
1507309460L, 1158718338L, -2044155456L, -624738756L, -1282447984L, 
-2036703710L, 810599688L, 278036108L, 580333340L, -817004398L, 
-1158858368L, -774400492L, -1928679640L, 141371962L, -238584368L, 
1159743852L, -641121356L, 68974610L, -1301428768L, 1034180556L, 
-6700832L, -429213662L, 1463234856L, -313979380L, -1340135620L, 
-858319886L, -1391990032L, -1719046588L, -1968074152L, -202170566L, 
-96692752L, 441169596L, -75048684L, -632057150L, 2045461600L, 
-775810180L, -1057036336L, -1987940062L, 1212594856L, 903084940L, 
-406681412L, -1345929422L, -857118144L, -76784460L, -1644842424L, 
428455354L, 2140340752L, 907895532L, 424239444L, 854040850L, 
-1733038688L, 607580876L, -231113120L, -124299326L, -223561944L, 
671068076L, -1361349828L, -824129166L, 735632176L, -1382646492L, 
-1728984264L, -448057638L, 1825376144L, 469847804L, 1697807252L, 
1773826114L, -1621420800L, 1814660156L, -1810628272L, 1685864610L, 
-1914638008L, -327350516L, -384023844L, -1760928430L, 973575296L, 
694382676L, -163278872L, -2121848582L, -1318462640L, -53969108L, 
1537167811L, 131719173L, -491764830L, -1123741808L, 1716497209L, 
-1678213141L, 535683292L, -1361321718L, 1277702143L, 43745865L, 
1408559070L, 2023352204L, 1201010525L, 89485159L, -816720752L, 
-377357650L, 1501747035L, -2144360643L, 1634178474L, 198548040L, 
-619758991L, 878648291L, 878790372L, 2040602130L, 390883815L, 
782075313L, -1507900426L, -654299628L, 1473589541L, -1166321105L, 
-1191616536L, -467760954L, 542297459L, 1325667797L, 706582962L, 
-1113548928L, -1764357271L, -290668581L, 875030316L, -1991571142L, 
-772605969L, -709180807L, -2142354162L, -1969312548L, -1702034611L, 
-549582153L, -839358400L, 1803913502L, 1563349995L, 1090690925L, 
474306010L, 995731352L, 1509484033L, 1177962419L, -669632812L, 
-210087966L, -1871662473L, -444175423L, -325772986L, -1081292668L, 
967020085L, 986723871L, -123907720L, -2136231850L, -468730653L, 
1032534693L, 477333314L, -590432976L, 159606105L, -1184725301L, 
583974716L, -326379670L, 1102149023L, 327502889L, 64933566L, 
-1470685268L, -1497684739L, -629301177L, 1824186160L, 967968846L, 
-66026373L, -2108020771L, 1050482186L, 1020455720L, -2033019503L, 
749800323L, -714559356L, -1034297678L, 293888519L, -56462767L, 
1660545494L, -340208460L, 676483269L, -591093233L, 125213320L, 
-1239007322L, 1104811859L, 890546357L, 761243154L, 330339296L, 
1776903753L, 47469691L, 2040878412L, -422469414L, 2044358863L, 
-1834873703L, -151097170L, 155594172L, 1139988013L, 449253847L, 
1635276832L, 299498878L, 1803445067L, 1103980877L, 107718522L, 
1354394040L, 265395041L, -2026185965L, 649171764L, 1856909634L, 
-2048662185L, 581632161L, 731720038L, 1416878948L, 1897591445L, 
-692464705L, -1473501352L, 15867254L, 510779267L, -1723980347L, 
209599202L, -1222687920L, -516514183L, 1903460779L, -601188580L, 
1252450378L, -985299905L, 1210999945L, 1149710494L, -1090765492L, 
-1502524131L, 1167394983L, -211531824L, 27488110L, 1872717339L, 
901222269L, 2049480042L, 1089129480L, -1928923983L, -1453616349L, 
